0047478
0055928
0056172
0057076
0058150
0058777
0059800
0062512
0062622
0063929
0064133
0064505
0064757
0066895
0066995
0069945
0070047
0070328
0071807
0076752
0079470
0079574
0080339
0081848
0082096
0082398
0083530
0083564
0083658
0084395
0085959
0086034
0086567
0086879
0087332
0087363
0087597
0088298
0088484
0088763
0088885
0088944
0088979
0089114
0089218
0090305
0091042
0091059
0091064
0091203
0091474
0091949
0092099
0092428
0092494
0092890
0093260
0093409
0093428
0093727
0093936
0094535
0094947
0095016
0095159
0095705
0096101
0096679
0096754
0096874
0097165
0097368
0097428
0097659
0097733
0097883
0097891
0098820
0099088
0100318
0100814
0101054
0101143
0102685
0102926
0103064
0104710
0105435
0105929
0106697
0107048
0107206
0107290
0107843
0108778
0108872
0110367
0110413
0110598
0110912
0111149
0111161
0111280
0111400
0112740
0113189
0113277
0113277
0113347
0113957
0114709
0114720
0115641
0116282
0116629
0116695
0116908
0117060
0117509
0117571
0117731
0118984
0119116
0119123
0119173
0119177
0119217
0119229
0119395
0119488
0119567
0119683
0119698
0119784
0119874
0119910
0119978
0120157
0120201
0120338
0120347
0120347
0120363
0120382
0120399
0120484
0120591
0120616
0120620
0120623
0120630
0120660
0120660
0120735
0120737
0120749
0120755
0120757
0120768
0120768
0120784
0120804
0120812
0120832
0120844
0120885
0120888
0120890
0120891
0120902
0120915
0121955
0122690
0122933
0127536
0129387
0131183
0133093
0133093
0137494
0137523
0138097
0142342
0143145
0145660
0146309
0146316
0147800
0147868
0149460
0151738
0158983
0163651
0164184
0167260
0167261
0167404
0168987
0169501
0169547
0171804
0172493
0172495
0178149
0181316
0182576
0185937
0185937
0190138
0190332
0195714
0196229
0198781
0203009
0205873
0207201
0211915
0212338
0212985
0228446
0240772
0241527
0242653
0246395
0250494
0251070
0251075
0252866
0258000
0258463
0259685
0266697
0266987
0278500
0285333
0289043
0289615
0289848
0290334
0290978
0299977
0300051
0316654
0324013
0324013
0325805
0330093
0337563
0338290
0338337
0338526
0342317
0343818
0349903
0356634
0361596
0368008
0372183
0372588
0385004
0395474
0405159
0408730
0439784
